tamanhos=[153120,250000,281400,1.6665e+07]
montagem_grafo_gpu=[113.375,138.617,174.276,9696.94]
caminhos_minimos_gpu=[758.126,872.705,816.677,412681]
montagem_imagemSeg_gpu=[0.500128,0.798496,1.02915,56.5993]
tempo_total_gpu=[892.034,1045.34,1028.87,424719]
caminhos_minimos_seq=[374.701,584.743,766.173,49791.5]
montagem_imagemSeg_seq=[0.511456,0.85504,0.997248,49791.5]
tempo_total_seq=[416.886,646.78,835.773,54037.3]
